getgenv().Settings = {
    SelectTeam = 'Pirates',    -- 'Pirates'  ,   'Marines',
	TeleportToQuest = false,  -- Teleport is bug sometimes!
	TypeAutofarm = "Fast (1-300 LEVEL)",    -- 'Normal'   ,   'Fast (1-300 LEVEL)''
	TypeFastAttack = "Very Fast",   -- "Fast (Recommended)"  ,  "Very Fast"
	BossAura = true,
	TypeBossAura = "Around",   -- "Around" , "All Map"
	All_Map_must_level = 650, -- เลือกเวลที่จะให้มันเริ่มฟาร์มบอสทั้งเกม (ถ้า TypeBossAura = "All Map")
	RedeemCodeLevel = 1, -- เลเวลที่ใส่ code
	CameraShaker = true,
	DisabledDamage = true,
	StatsKaitan = true,
	AutoRandomFruit = true,
	BringFruit = true,
	BringFruitType = "Teleport",   -- "Tween" , "Teleport",
	AutoStoreFruit = true,
	AutoRejoin = true,
	ThirdSeaMode = "HOP", -- "Normal" , "HOP"
	Kaitan = { -- จะเริ่มทำก็ต่อเมื่อเวลตันและหมัดครบแล้ว ถ้ามันทำพวกนี้เสร็จจะปิดเกมทันที
		MasteryAndAwaking = true,
	},
	Sword = {
		Saber = true,
		Rengoku = true,
		LegendarySword = true,
	},
    HUD = {
		RemoveEffect = true,
        Boost = false,
		NotifcationUi = true,
        FPS = 360,
    },
	EatFruitList = true,
    Eat = {
        "Flame-Flame",
        "Ice-Ice",
        "Dark-Dark",
        "Light-Light",
        "Magma-Magma",
        "Quake-Quake",
        "Human-Human: Buddha",
        "String-String",
        "Rumble-Rumble",
        "Sand-Sand"
    },
	BuyFruitList = false,
    BuyFruit = {
        "Flame-Flame",
        "Ice-Ice",
        "Dark-Dark",
        "Light-Light",
        "Magma-Magma",
        "Quake-Quake",
        "Human-Human: Buddha",
        "String-String",
        "Rumble-Rumble",
        "Sand-Sand"
    },
}


-- setup
AutofarmLevel = true
FastAttack = true
SetSpawnPoint = true
CombatFinish = true -- มึงทำด้วยไอ้บาส ถ้าหมัดมี 5 แล้วให้เป็น true มันจะฟาร์มมาสต่อกับ awake แล้วปิดเกม

SuperHuman = false ; 
DarkStep = false ; 
SharkManV2 = false ; 
Talon  = false ; 
Electricclaw = false ;

-- Super Human 
local CombatData = {
    SuperHuman = false ; 
    DarkStep = false ; 
    SharkManV2 = false ; 
    Talon  = false ; 
    Electricclaw = false ;
}
local SuperData = { 
    Electro = false ,
    BlackLeg = false ,
    FishmanKarate = false ,
    DragonClaw = false ,
    Superhuman = false 
}

local stupid = false 

repeat wait() until game.Players.LocalPlayer

if not game:IsLoaded() then
	local GameLoadGui = Instance.new("Message",workspace);
	GameLoadGui.Text = 'Wait Game Loading';
	game.Loaded:Wait();
	GameLoadGui:Destroy();
	task.wait(10);
end;
repeat wait(.25) until game.Players.LocalPlayer.Character and game.Players.LocalPlayer:FindFirstChild("Backpack") and game.Players.LocalPlayer.Character:FindFirstChild("Humanoid") and game.Players.LocalPlayer:FindFirstChild("PlayerGui") and game.Players.LocalPlayer.PlayerGui:FindFirstChild("Main") and pcall(function() return game.Players.LocalPlayer.Idled end)

repeat wait() until game:IsLoaded()
local ViSendMouseButtonEvent = game:service'VirtualInputManager'

repeat wait()
	pcall(function()
		if game.Players.LocalPlayer.Team == nil and game.Players.LocalPlayer.PlayerGui.Main.ChooseTeam.Visible == true then
			if _G.SelectTeam == 'Pirates' then
				game.Players.LocalPlayer.PlayerGui.Main.ChooseTeam.Container.Pirates.Frame.ViewportFrame.TextButton.Size = UDim2.new(0, 10000, 0, 10000)
				game.Players.LocalPlayer.PlayerGui.Main.ChooseTeam.Container.Pirates.Frame.ViewportFrame.TextButton.Position = UDim2.new(-4, 0, -5, 0)
				game.Players.LocalPlayer.PlayerGui.Main.ChooseTeam.Container.Pirates.Frame.ViewportFrame.TextButton.BackgroundTransparency = 1
				wait(.5)
				game:service'VirtualInputManager':SendMouseButtonEvent(500,500, 0, true, game, 1)
				game:service'VirtualInputManager':SendMouseButtonEvent(500,500, 0, false, game, 1)
			elseif _G.SelectTeam == 'Marines' then
				game.Players.LocalPlayer.PlayerGui.Main.ChooseTeam.Container.Marines.Frame.ViewportFrame.TextButton.Size = UDim2.new(0, 10000, 0, 10000)
				game.Players.LocalPlayer.PlayerGui.Main.ChooseTeam.Container.Marines.Frame.ViewportFrame.TextButton.Position = UDim2.new(-4, 0, -5, 0)
				game.Players.LocalPlayer.PlayerGui.Main.ChooseTeam.Container.Marines.Frame.ViewportFrame.TextButton.BackgroundTransparency = 1
				wait(.5)
				game:service'VirtualInputManager':SendMouseButtonEvent(500,500, 0, true, game, 1)
				game:service'VirtualInputManager':SendMouseButtonEvent(500,500, 0, false, game, 1)
			else
				game.Players.LocalPlayer.PlayerGui.Main.ChooseTeam.Container.Pirates.Frame.ViewportFrame.TextButton.Size = UDim2.new(0, 10000, 0, 10000)
				game.Players.LocalPlayer.PlayerGui.Main.ChooseTeam.Container.Pirates.Frame.ViewportFrame.TextButton.Position = UDim2.new(-4, 0, -5, 0)
				game.Players.LocalPlayer.PlayerGui.Main.ChooseTeam.Container.Pirates.Frame.ViewportFrame.TextButton.BackgroundTransparency = 1
				wait(.5)
				game:service'VirtualInputManager':SendMouseButtonEvent(500,500, 0, true, game, 1)
				game:service'VirtualInputManager':SendMouseButtonEvent(500,500, 0, false, game, 1)
			end
		end     
	end)
until game.Players.LocalPlayer.Team ~= nil and game:IsLoaded() 


--[Create Variables]

local UserInputService = game:GetService("UserInputService")
local TweenService = game:GetService("TweenService")
local tween = game:GetService("TweenService")
local RunService = game:GetService("RunService")
local LocalPlayer = game:GetService("Players").LocalPlayer
local Mouse = LocalPlayer:GetMouse()
local plr = game.Players.LocalPlayer

--[Animation Text]
local function AnimateText(Text)
	for i = 1, #Text, 1 do
		game:GetService("Players").LocalPlayer.PlayerGui.Main.Version.Text = string.sub(Text, 1, i)
		wait(0.01)
	end
end

--[When Game Load]
repeat wait()  game.Players.LocalPlayer.PlayerGui.Main.Version.TextSize = 19 game.Players.LocalPlayer.PlayerGui.Main.Version.TextColor3 
    = Color3.fromRGB(255, 0, 127) game.Players.LocalPlayer.PlayerGui.Main.Version.Font = Enum.Font.GothamBold AnimateText("Unique Kaitan | Scripts Executed")
until game:IsLoaded()

-- [Sit]

function AntiSeat()
    pcall(function()
        if game.Players.LocalPlayer.Character.Humanoid:GetState() == Enum.HumanoidStateType.Seated then 
            game.Players.LocalPlayer.Character.Humanoid.Jump = true
        end
    end)
end
AntiSeat()

spawn(function()
    while true do
        pcall(function()
            for i,v in pairs(game.workspace:GetDescendants()) do
                if v:IsA("Seat") then
                    AntiSeat()
                    v.Disabled = true
                end
            end
        end)
        task.wait(180)
    end
end)

-- [FPS]


function TextureLow()
    AnimateText("Unique Kaitan | FPS Boost!")
	if not game:IsLoaded() then repeat wait() until game:IsLoaded() end
	if hookfunction and setreadonly then
		local mt = getrawmetatable(game)
		local old = mt.__newindex
		setreadonly(mt, false)
		local sda
		sda = hookfunction(old, function(t, k, v)
			if k == "Material" then
				if v ~= Enum.Material.Neon and v ~= Enum.Material.Plastic and v ~= Enum.Material.ForceField then v = Enum.Material.Plastic end
			elseif k == "TopSurface" then v = "Smooth"
			elseif k == "Reflectance" or k == "WaterWaveSize" or k == "WaterWaveSpeed" or k == "WaterReflectance" then v = 0
			elseif k == "WaterTransparency" then v = 1
			elseif k == "GlobalShadows" then v = false end
			return sda(t, k, v)
		end)
		setreadonly(mt, true)
	end
	local g = game
	local w = g.Workspace
	local l = g:GetService"Lighting"
	local t = w:WaitForChild"Terrain"
	t.WaterWaveSize = 0
	t.WaterWaveSpeed = 0
	t.WaterReflectance = 0
	t.WaterTransparency = 1
	l.GlobalShadows = false
	function change(v)
		pcall(function()
			if v.Material ~= Enum.Material.Neon and v.Material ~= Enum.Material.Plastic and v.Material ~= Enum.Material.ForceField then
				pcall(function() v.Reflectance = 0 end)
				pcall(function() v.Material = Enum.Material.Plastic end)
				pcall(function() v.TopSurface = "Smooth" end)
			end
		end)
	end
	game.DescendantAdded:Connect(function(v)
		pcall(function()
			if v:IsA"Part" then change(v)
			elseif v:IsA"MeshPart" then change(v)
			elseif v:IsA"TrussPart" then change(v)
			elseif v:IsA"UnionOperation" then change(v)
			elseif v:IsA"CornerWedgePart" then change(v)
			elseif v:IsA"WedgePart" then change(v) end
		end)
	end)
	for i, v in pairs(game:GetDescendants()) do
		pcall(function()
			if v:IsA"Part" then change(v)
			elseif v:IsA"MeshPart" then change(v)
			elseif v:IsA"TrussPart" then change(v)
			elseif v:IsA"UnionOperation" then change(v)
			elseif v:IsA"CornerWedgePart" then change(v)
			elseif v:IsA"WedgePart" then change(v) end
		end)
	end
end

function WaterRemvoe()
	for i,v in pairs(workspace:GetDescendants()) do
		if string.find(v.Name,"Water") then
			v:Destroy()
		end
	end
end

function ObjectRemvoe()
	for i,v in pairs(workspace:GetDescendants()) do
		if string.find(v.Name,"Tree") or string.find(v.Name,"House") then
			v:Destroy()
		end
	end
end

function InvisibleObject()
	for i,v in pairs(game:GetService("Workspace"):GetDescendants()) do
        if  (v:IsA("Part") or v:IsA("MeshPart") or v:IsA("BasePart")) and v.Transparency then
            v.Transparency = 1
        end
    end
end

--[Boost Fps Windows]
if getgenv().Settings.HUD.Boost then
	game.Players.LocalPlayer.PlayerScripts.WaterCFrame.Disabled = true
	game:GetService("Lighting"):ClearAllChildren()
    TextureLow()
	WaterRemvoe()
	ObjectRemvoe()
	InvisibleObject()
	local WindowFocusReleasedFunction = function()
		RunService:Set3dRenderingEnabled(false)
		setfpscap(tonumber(getgenv().Settings.HUD.FPS))
		return
	end

	local WindowFocusedFunction = function()
		RunService:Set3dRenderingEnabled(true)
		setfpscap(360)
		return
	end

	local Initialize = function()
		UserInputService.WindowFocusReleased:Connect(WindowFocusReleasedFunction)
		UserInputService.WindowFocused:Connect(WindowFocusedFunction)
		return
	end
	Initialize()
end

-- [TEST]
spawn(function()
	while true do wait()
		pcall(function()
			for i ,v in pairs(game.Players.LocalPlayer.Backpack:GetChildren()) do
				if v.ToolTip == "Melee" then
					_G.MeleeSelect = v.Name
				end
			end
		end)
	end
end)


-- Equip & Tween

--[Functions Equip Weapon]
function EquipWeapon(Tool)
	pcall(function()
		if game.Players.LocalPlayer.Backpack:FindFirstChild(Tool) then local ToolHumanoid = game.Players.LocalPlayer.Backpack:FindFirstChild(Tool) game.Players.LocalPlayer.Character.Humanoid:EquipTool(ToolHumanoid) end
	end)
end

--[Tween Functions (toTarget)]

local function toTarget(...)
	local RealtargetPos = {...}
	local targetPos = RealtargetPos[1]
	local RealTarget
	if type(targetPos) == "vector" then
		RealTarget = CFrame.new(targetPos)
	elseif type(targetPos) == "userdata" then
		RealTarget = targetPos
	elseif type(targetPos) == "number" then
		RealTarget = CFrame.new(unpack(RealtargetPos))
	end

	if game.Players.LocalPlayer.Character:WaitForChild("Humanoid").Health == 0 then if tween then tween:Cancel() end repeat wait() until game.Players.LocalPlayer.Character:WaitForChild("Humanoid").Health > 0; wait(0.2) end

	local tweenfunc = {}
	local Distance = (RealTarget.Position - game:GetService("Players").LocalPlayer.Character:WaitForChild("HumanoidRootPart").Position).Magnitude
	if Distance < 1000 then
		Speed = 315
	elseif Distance >= 1000 then
		Speed = 300
	end

	local tween_s = game:service"TweenService"
	local info = TweenInfo.new((RealTarget.Position - game:GetService("Players").LocalPlayer.Character:WaitForChild("HumanoidRootPart").Position).Magnitude/Speed, Enum.EasingStyle.Linear)
	local tweenw, err = pcall(function()
		tween = tween_s:Create(game.Players.LocalPlayer.Character["HumanoidRootPart"], info, {CFrame = RealTarget})
		tween:Play()
	end)

	function tweenfunc:Stop()
		tween:Cancel()
	end 

	function tweenfunc:Wait()
		tween.Completed:Wait()
	end 

	return tweenfunc
end

function cancel()
    if tween then 
        tween:Cancel() ; 
    end
end

-- [Remove Quest Dead]
spawn(function()
	while wait() do
		pcall(function()
			if game.Players.LocalPlayer.Character:WaitForChild("Humanoid"):GetState() == Enum.HumanoidStateType.Dead then 
				if game:GetService("Players").LocalPlayer.PlayerGui.Main.Quest.Visible == true then
					game:GetService("ReplicatedStorage").Remotes.CommF_:InvokeServer("AbandonQuest")
					repeat wait() until game:GetService("Players").LocalPlayer.Character:WaitForChild("Humanoid").Health > 0
				end
			end
		end)
	end
end)

-- [Remove Notification]

spawn(function()
	if getgenv().Settings.HUD.NotifcationUi then
		game:GetService("RunService").Heartbeat:Connect(function()
			pcall(function()
				for i, v in pairs(game:GetService("Players").LocalPlayer.PlayerGui.Notifications:GetChildren()) do
					v:Destroy()
				end
			end)
		end)
	end
end)

-- [Remove Effect]
local EFD = require(game:GetService("ReplicatedStorage").Effect.Container.Death)
local oldefd
oldefd = hookfunction(EFD,function(pl)
	if getgenv().Settings.HUD.RemoveEffect == true then 
		return;
	end
	return oldefd(pl)
end)

--[Server Hop]
local PlaceID = game.PlaceId
local AllIDs = {}
local foundAnything = ""
local actualHour = os.date("!*t").hour
local Deleted = false
local File = pcall(function()
    AllIDs = game:GetService('HttpService'):JSONDecode(readfile("NotSameServers.json"))
end)
if not File then
    table.insert(AllIDs, actualHour)
    writefile("NotSameServers.json", game:GetService('HttpService'):JSONEncode(AllIDs))
end
function TPReturner()
    local Site;
    if foundAnything == "" then
        Site = game.HttpService:JSONDecode(game:HttpGet('https://games.roblox.com/v1/games/' .. PlaceID .. '/servers/Public?limit=100'))
    else
        Site = game.HttpService:JSONDecode(game:HttpGet('https://games.roblox.com/v1/games/' .. PlaceID .. '/servers/Public?limit=100&cursor=' .. foundAnything))
    end
    local ID = ""
    if Site.nextPageCursor and Site.nextPageCursor ~= "null" and Site.nextPageCursor ~= nil then
        foundAnything = Site.nextPageCursor
    end
    local num = 0;
    for i,v in pairs(Site.data) do
        local Possible = true
        ID = tostring(v.id)
        if tonumber(v.maxPlayers) > tonumber(v.playing) then
            for _,Existing in pairs(AllIDs) do
                if num ~= 0 then
                    if ID == tostring(Existing) then
                        Possible = false
                    end
                else
                    if tonumber(actualHour) ~= tonumber(Existing) then
                        local delFile = pcall(function()
                            delfile("NotSameServers.json")
                            AllIDs = {}
                            table.insert(AllIDs, actualHour)
                        end)
                    end
                end
                num = num + 1
            end
            if Possible == true then
                table.insert(AllIDs, ID)
                wait()
                pcall(function()
                    writefile("NotSameServers.json", game:GetService('HttpService'):JSONEncode(AllIDs))
                    wait()
                    game:GetService("TeleportService"):TeleportToPlaceInstance(PlaceID, ID, game.Players.LocalPlayer)
                end)
                wait(4)
            end
        end
    end
end

function ServerHop()
	if tweenfruit ~= true then
		AnimateText("Unique Kaitan | Hopserver!")
		while wait() do
			pcall(function()
				TPReturner()
				if foundAnything ~= "" then
					TPReturner()
				end
			end)
		end
	end
end

function Teleport()
	while wait() do
        pcall(function()
            TPReturner()
            if foundAnything ~= "" then
                TPReturner()
            end
        end)
    end
end

-- [Place , CheckQuest , Noclip]

local placeId = game.PlaceId
if placeId == 2753915549 then
	OldWorld = true
elseif placeId == 4442272183 then
	NewWorld =  true
elseif placeId == 7449423635 then
	ThirdWorld =  true
else
	game.Players.LocalPlayer:Kick("Only BloxFruit!")
end


--[Check Quest]

function CheckQuest()
	local Level = game.Players.LocalPlayer.Data.Level.Value

	if OldWorld then
		if Level >= 1 and Level <= 10-1 then
			Name = "Bandit [Lv. 5]"
			QuestName = "BanditQuest1"
			LevelQuest = 1
			NameMon = "Bandit"
			CFrameQuest = CFrame.new(1059.37195, 15.4495068, 1550.4231, 0.939700544, -0, -0.341998369, 0, 1, -0, 0.341998369, 0, 0.939700544)
			CFrameMon = CFrame.new(1158.19287, 150, 1598.75024, 0.728623271, -2.60434244e-05, -0.684914768, 5.54633402e-07, 1, -3.74343144e-05, 0.684914768, 2.68956283e-05, 0.728623271)
		elseif Level >= 10 and Level <= 15-1 then
			Name = "Monkey [Lv. 14]" --Monkey [Lv. 14]
			QuestName = "JungleQuest" -- JungleQuest
			LevelQuest = 1
			NameMon = "Monkey" -- Monkey
			CFrameQuest = CFrame.new(-1598.08911, 35.5501175, 153.377838, 0, 0, 1, 0, 1, -0, -1, 0, 0)
			CFrameMon = CFrame.new(-1612.77039, 150, 150.217361, -0.325320244, 5.01602138e-09, -0.945603907, -1.28536748e-09, 1, 5.74677994e-09, 0.945603907, 3.08499248e-09, -0.325320244)
		elseif Level >= 15 and Level <= 30-1 then
			Name = "Gorilla [Lv. 20]"
			QuestName = "JungleQuest"
			LevelQuest = 2
			NameMon = "Gorilla"
			CFrameQuest = CFrame.new(-1598.08911, 35.5501175, 153.377838, 0, 0, 1, 0, 1, -0, -1, 0, 0)
			CFrameMon = CFrame.new(-1223.52808, 150, -502.292664, 0.310949147, -5.66602516e-08, 0.950426519, -3.37275488e-08, 1, 7.06501808e-08, -0.950426519, -5.40241736e-08, 0.310949147)
		elseif Level >= 30 and Level <= 40-1 then
			Name = "Pirate [Lv. 35]"
			QuestName = "BuggyQuest1"
			LevelQuest = 1
			NameMon = "Pirate"
			CFrameQuest = CFrame.new(-1141.07483, 4.10001802, 3831.5498, 0.965929627, -0, -0.258804798, 0, 1, -0, 0.258804798, 0, 0.965929627)
			CFrameMon = CFrame.new(-1169.5365, 150, 3933.84082, -0.971822679, -3.73200315e-09, 0.235713184, -4.16762763e-10, 1, 1.41145424e-08, -0.235713184, 1.3618596e-08, -0.971822679)
		elseif Level >= 40 and Level <= 60-1 then
			Name = "Brute [Lv. 45]"
			QuestName = "BuggyQuest1"
			LevelQuest = 2
			NameMon = "Brute"
			CFrameQuest = CFrame.new(-1141.07483, 4.10001802, 3831.5498, 0.965929627, -0, -0.258804798, 0, 1, -0, 0.258804798, 0, 0.965929627)
			CFrameMon = CFrame.new(-1165.09985, 150, 4363.51514, -0.962800264, 1.17564889e-06, 0.270213336, 2.60172015e-07, 1, -3.4237969e-06, -0.270213336, -3.22613073e-06, -0.962800264)
		elseif Level >= 60 and Level <= 75-1 then
			Name = "Desert Bandit [Lv. 60]"
			QuestName = "DesertQuest"
			LevelQuest = 1
			NameMon = "Desert Bandit"
			CFrameQuest = CFrame.new(894.488647, 5.14000702, 4392.43359, 0.819155693, -0, -0.573571265, 0, 1, -0, 0.573571265, 0, 0.819155693)
			CFrameMon = CFrame.new(932.788818, 150, 4488.24609, -0.998625934, 3.08948351e-08, 0.0524050146, 2.79967303e-08, 1, -5.60361286e-08, -0.0524050146, -5.44919629e-08, -0.998625934)
		elseif Level >= 75 and Level <= 90-1 then
			Name = "Desert Officer [Lv. 70]"
			QuestName = "DesertQuest"
			LevelQuest = 2
			NameMon = "Desert Officer"
			CFrameQuest = CFrame.new(894.488647, 5.14000702, 4392.43359, 0.819155693, -0, -0.573571265, 0, 1, -0, 0.573571265, 0, 0.819155693)
			CFrameMon = CFrame.new(1617.07886, 150, 4295.54932, -0.997540116, -2.26287735e-08, -0.070099175, -1.69377223e-08, 1, -8.17798806e-08, 0.070099175, -8.03913949e-08, -0.997540116)
		elseif Level >= 90 and Level <= 100-1 then
			Name = "Snow Bandit [Lv. 90]"
			QuestName = "SnowQuest"
			LevelQuest = 1
			NameMon = "Snow Bandits"
			CFrameQuest = CFrame.new(1389.74451, 86.6520844, -1298.90796, -0.342042685, 0, 0.939684391, 0, 1, 0, -0.939684391, 0, -0.342042685)
			CFrameMon = CFrame.new(1328.92578, 200, -1374.14551, -0.548407137, 5.60746427e-09, 0.836211503, 2.07008033e-09, 1, -5.34818945e-09, -0.836211503, -1.2019602e-09, -0.548407137)
		elseif Level >= 100 and Level <= 120-1 then
			Name = "Snowman [Lv. 100]"
			QuestName = "SnowQuest"
			LevelQuest = 2
			NameMon = "Snowman"
			CFrameQuest = CFrame.new(1389.74451, 86.6520844, -1298.90796, -0.342042685, 0, 0.939684391, 0, 1, 0, -0.939684391, 0, -0.342042685)
			CFrameMon = CFrame.new(1046.19983, 200, -1486.0741, 0.455472827, -1.03902529e-07, -0.89024967, 1.33861127e-08, 1, -1.09863016e-07, 0.89024967, 3.81226357e-08, 0.455472827)
		elseif Level >= 120 and Level <= 150-1 then
			Name = "Chief Petty Officer [Lv. 120]"
			QuestName = "MarineQuest2"
			LevelQuest = 1
			NameMon = "Chief Petty Officer"
			CFrameQuest = CFrame.new(-5039.58643, 27.3500385, 4324.68018, 0, 0, -1, 0, 1, 0, 1, 0, 0)
			CFrameMon = CFrame.new(-4850.8623, 150, 4390.53516, 0.273695946, -5.40380647e-08, -0.96181643, 4.37720793e-08, 1, -4.37274998e-08, 0.96181643, -3.01326679e-08, 0.273695946)
		elseif Level >= 150 and Level <= 175-1 then
			Name = "Sky Bandit [Lv. 150]"
			QuestName = "SkyQuest"
			LevelQuest = 1
			NameMon = "Sky Bandit"
			CFrameQuest = CFrame.new(-4839.53027, 716.368591, -2619.44165, 0.866007268, 0, 0.500031412, 0, 1, 0, -0.500031412, 0, 0.866007268)
			CFrameMon = CFrame.new(-4996.53906, 350, -2828.92822, -0.984909654, 0, 0.173069984, 0, 1, 0, -0.173069984, 0, -0.984909654)
		elseif Level >= 175 and Level <= 255-1 then
			Name = "Dark Master [Lv. 175]"
			QuestName = "SkyQuest"
			LevelQuest = 2
			NameMon = "Dark Master"
			CFrameQuest = CFrame.new(-4839.53027, 716.368591, -2619.44165, 0.866007268, 0, 0.500031412, 0, 1, 0, -0.500031412, 0, 0.866007268)
			CFrameMon = CFrame.new(-5266.46143, 450, -2287.84741, -0.635293067, -2.56842156e-08, 0.772271156, -2.77735168e-09, 1, 3.09732968e-08, -0.772271156, 1.75322512e-08, -0.635293067)
		elseif Level >= 255 and Level <= 275-1 then
			Name = "Toga Warrior [Lv. 250]"
			QuestName = "ColosseumQuest"
			LevelQuest = 1
			NameMon = "Toga Warrior"
			CFrameQuest = CFrame.new(-1580.04663, 6.35000277, -2986.47534, -0.515037298, 0, -0.857167721, 0, 1, 0, 0.857167721, 0, -0.515037298)
			CFrameMon = CFrame.new(-1922.13684, 150, -2760.01001, -0.962103188, 3.65452983e-08, 0.272685558, 5.61075852e-09, 1, -1.14223752e-07, -0.272685558, -1.08365064e-07, -0.962103188)
		elseif Level >= 275 and Level <= 300-1 then
			Name = "Gladiator [Lv. 275]"
			QuestName = "ColosseumQuest"
			LevelQuest = 2
			NameMon = "Gladiato"
			CFrameQuest = CFrame.new(-1580.04663, 6.35000277, -2986.47534, -0.515037298, 0, -0.857167721, 0, 1, 0, 0.857167721, 0, -0.515037298)
			CFrameMon = CFrame.new(-1279.38416, 150, -3268.23047, -0.385674238, -3.25503358e-08, -0.922634542, 5.95089811e-10, 1, -3.55285259e-08, 0.922634542, -1.42514862e-08, -0.385674238)
		elseif Level >= 300 and Level <= 330-1 then
			Name = "Military Soldier [Lv. 300]"
			QuestName = "MagmaQuest"
			LevelQuest = 1
			NameMon = "Military Soldier"
			CFrameQuest = CFrame.new(-5313.37012, 10.9500084, 8515.29395, -0.499959469, 0, 0.866048813, 0, 1, 0, -0.866048813, 0, -0.499959469)
			CFrameMon = CFrame.new(-5483.29248, 150, 8413.07031, 0.909917235, -1.46153933e-09, -0.414789826, -6.77904288e-10, 1, -5.01067277e-09, 0.414789826, 4.84048535e-09, 0.909917235)
		elseif Level >= 330 and Level <= 375-1 then
			Name = "Military Spy [Lv. 325]"
			QuestName = "MagmaQuest"
			LevelQuest = 2
			NameMon = "Military Spy"
			CFrameQuest = CFrame.new(-5313.37012, 10.9500084, 8515.29395, -0.499959469, 0, 0.866048813, 0, 1, 0, -0.866048813, 0, -0.499959469)
			CFrameMon = CFrame.new(-5883.50049, 150, 8823.88965, 0.983678341, -1.19359456e-08, 0.179935962, -8.52669757e-09, 1, 1.12948371e-07, -0.179935962, -1.12639128e-07, 0.983678341)
		elseif Level >= 375 and Level <= 400-1 then
			Name = "Fishman Warrior [Lv. 375]"
			QuestName = "FishmanQuest"
			LevelQuest = 1
			NameMon = "Fishman Warrior"
			CFrameQuest = CFrame.new(61121.1094, 17.953125, 1564.52637, -0.913477898, 0, -0.406888306, 0, 1, 0, 0.406888306, 0, -0.913477898)
			CFrameMon = CFrame.new(60889.6328, 150, 1432.98425, 0.345049709, 0, -0.938584328, 0, 1, 0, 0.938584328, 0, 0.345049709)
			if AutofarmLevel and (CFrameMon.Position - game.Players.LocalPlayer.Character.HumanoidRootPart.Position).Magnitude > 3000 then
				game:GetService("ReplicatedStorage").Remotes.CommF_:InvokeServer("requestEntrance",Vector3.new(61163.8515625, 11.6796875, 1819.7841796875))
			end
		elseif Level >= 400 and Level <= 450-1 then
			Name = "Fishman Commando [Lv. 400]"
			QuestName = "FishmanQuest"
			LevelQuest = 2
			NameMon = "Fishman Commando"
			CFrameQuest = CFrame.new(61121.1094, 17.953125, 1564.52637, -0.913477898, 0, -0.406888306, 0, 1, 0, 0.406888306, 0, -0.913477898)
			CFrameMon = CFrame.new(61885.5039, 150, 1504.17896, 0.577502489, 0, -0.816389024, -0, 1.00000012, -0, 0.816389024, 0, 0.577502489)
			if AutofarmLevel and (CFrameMon.Position - game.Players.LocalPlayer.Character.HumanoidRootPart.Position).Magnitude > 3000 then
				game:GetService("ReplicatedStorage").Remotes.CommF_:InvokeServer("requestEntrance",Vector3.new(61163.8515625, 11.6796875, 1819.7841796875))
			end
		elseif Level >= 450 and Level <= 475-1 then
			Name = "God's Guard [Lv. 450]"
			QuestName = "SkyExp1Quest"
			LevelQuest = 1
			NameMon = "God's Guards"
			CFrameQuest = CFrame.new(-4721.88867, 843.874695, -1949.96643, 0.996191859, -0, -0.0871884301, 0, 1, -0, 0.0871884301, 0, 0.996191859)
			CFrameMon = CFrame.new(-4720.3291, 1050, -1859.63074, 0.712942302, 0, -0.701222718, -0, 1, -0, 0.701222718, 0, 0.712942302)
			if AutofarmLevel and (CFrameMon.Position - game.Players.LocalPlayer.Character.HumanoidRootPart.Position).Magnitude > 3000 then
				game:GetService("ReplicatedStorage").Remotes.CommF_:InvokeServer("requestEntrance",Vector3.new(-4607.82275, 872.54248, -1667.55688))
			end
		elseif Level >= 475 and Level <= 525-1 then
			Name = "Shanda [Lv. 475]"
			QuestName = "SkyExp1Quest"
			LevelQuest = 2
			NameMon = "Shandas"
			CFrameQuest = CFrame.new(-7859.09814, 5544.19043, -381.476196, -0.422592998, 0, 0.906319618, 0, 1, 0, -0.906319618, 0, -0.422592998)
			CFrameMon = CFrame.new(-7636.17285, 5850, -551.851685, 0.995675743, 0, -0.0928966552, 0, 1, 0, 0.0928966552, 0, 0.995675743)
			if AutofarmLevel and (CFrameMon.Position - game.Players.LocalPlayer.Character.HumanoidRootPart.Position).Magnitude > 3000 then
				game:GetService("ReplicatedStorage").Remotes.CommF_:InvokeServer("requestEntrance",Vector3.new(-7894.6176757813, 5547.1416015625, -380.29119873047))
			end
		elseif Level >= 525 and Level <= 550-1 then
			Name = "Royal Squad [Lv. 525]"
			QuestName = "SkyExp2Quest"
			LevelQuest = 1
			NameMon = "Royal Squad"
			CFrameQuest = CFrame.new(-7906.81592, 5634.6626, -1411.99194, 0, 0, -1, 0, 1, 0, 1, 0, 0)
			CFrameMon = CFrame.new(-7654.80615, 5950, -1497.61304, 0.655299842, -1.01422131e-07, -0.75536871, 8.79199114e-09, 1, -1.26641098e-07, 0.75536871, 7.63466659e-08, 0.655299842)
		elseif Level >= 550 and Level <= 625-1 then
			Name = "Royal Soldier [Lv. 550]"
			QuestName = "SkyExp2Quest"
			LevelQuest = 2
			NameMon = "Royal Soldier"
			CFrameQuest = CFrame.new(-7906.81592, 5634.6626, -1411.99194, 0, 0, -1, 0, 1, 0, 1, 0, 0)
			CFrameMon = CFrame.new(-7966.58252, 5950, -1744.18347, 0.116254926, -8.58390649e-07, -0.99321878, 2.4797064e-08, 1, -8.61348838e-07, 0.99321878, 7.55070602e-08, 0.116254926)
		elseif Level >= 625 and Level <= 650-1 then
			Name = "Galley Pirate [Lv. 625]"
			QuestName = "FountainQuest"
			LevelQuest = 1
			NameMon = "Galley Pirate"
			CFrameQuest = CFrame.new(5259.81982, 37.3500175, 4050.0293, 0.087131381, 0, 0.996196866, 0, 1, 0, -0.996196866, 0, 0.087131381)
			CFrameMon = CFrame.new(5684.73096, 150, 3927.60498, 0.999752343, -6.81844494e-06, -0.0222478025, 5.87542536e-06, 1, -4.24524987e-05, 0.0222478025, 4.2311276e-05, 0.999752343)
		elseif Level >= 650 then
			Name = "Galley Captain [Lv. 650]"
			QuestName = "FountainQuest"
			LevelQuest = 2
			NameMon = "Galley Captain"
			CFrameQuest = CFrame.new(5259.81982, 37.3500175, 4050.0293, 0.087131381, 0, 0.996196866, 0, 1, 0, -0.996196866, 0, 0.087131381)
			CFrameMon = CFrame.new(5658.5752, 150, 4928.93506, -0.996873081, 2.12391046e-06, -0.0790185928, 2.16989656e-06, 1, -4.96097414e-07, 0.0790185928, -6.66008248e-07, -0.996873081)
		end
	elseif NewWorld then
		if Level == 700 or Level <= 724 then 
			Name = "Raider [Lv. 700]"
			QuestName = "Area1Quest"
			LevelQuest = 1
			NameMon = "Raider"
			CFrameQuest = CFrame.new(-424.080078, 73.0055847, 1836.91589, 0.253544956, -1.42165932e-08, 0.967323601, -6.00147771e-08, 1, 3.04272909e-08, -0.967323601, -6.5768397e-08, 0.253544956)
			CFrameMon = CFrame.new(-746.3547973632812, 39.139808654785156, 2353.9951171875)
		elseif Level == 725 or Level <= 774 then 
			Name = "Mercenary [Lv. 725]"
			QuestName = "Area1Quest"
			LevelQuest = 2
			NameMon = "Mercenary"
			CFrameQuest = CFrame.new(-424.080078, 73.0055847, 1836.91589, 0.253544956, -1.42165932e-08, 0.967323601, -6.00147771e-08, 1, 3.04272909e-08, -0.967323601, -6.5768397e-08, 0.253544956)
			CFrameMon = CFrame.new(-978.2632446289062, 73.00972747802734, 1437.860595703125)
		elseif Level == 775 or Level <= 874 then 
			Name = "Swan Pirate [Lv. 775]"
			QuestName = "Area2Quest"
			LevelQuest = 1
			NameMon = "Swan Pirate"
			CFrameQuest = CFrame.new(632.698608, 73.1055908, 918.666321, -0.0319722369, 8.96074881e-10, -0.999488771, 1.36326533e-10, 1, 8.92172336e-10, 0.999488771, -1.07732087e-10, -0.0319722369)
			CFrameMon = CFrame.new(896.3140869140625, 72.95972442626953, 1273.1866455078125)
		elseif Level == 875 or Level <= 899 then 
			Name = "Marine Lieutenant [Lv. 875]"
			QuestName = "MarineQuest3"
			LevelQuest = 1
			NameMon = "Marine Lieutenant"
			CFrameQuest = CFrame.new(-2442.65015, 73.0511475, -3219.11523, -0.873540044, 4.2329841e-08, -0.486752301, 5.64383384e-08, 1, -1.43220786e-08, 0.486752301, -3.99823996e-08, -0.873540044)
			CFrameMon = CFrame.new(-2736.815185546875, 72.84119415283203, -3046.572509765625)
		elseif Level == 900 or Level <= 949 then 
			Name = "Marine Captain [Lv. 900]"
			QuestName = "MarineQuest3"
			LevelQuest = 2
			NameMon = "Marine Captain"
			CFrameQuest = CFrame.new(-2442.65015, 73.0511475, -3219.11523, -0.873540044, 4.2329841e-08, -0.486752301, 5.64383384e-08, 1, -1.43220786e-08, 0.486752301, -3.99823996e-08, -0.873540044)
			CFrameMon = CFrame.new(-1993.48779296875, 72.96614837646484, -3228.642578125)
		elseif Level == 950 or Level <= 974 then 
			Name = "Zombie [Lv. 950]"
			QuestName = "ZombieQuest"
			LevelQuest = 1
			NameMon = "Zombie"
			CFrameQuest = CFrame.new(-5492.79395, 48.5151672, -793.710571, 0.321800292, -6.24695815e-08, 0.946807742, 4.05616092e-08, 1, 5.21931227e-08, -0.946807742, 2.16082796e-08, 0.321800292)
			CFrameMon = CFrame.new(-5542.67041015625, 48.48012924194336, -879.48388671875)
		elseif Level == 975 or Level <= 999 then 
			Name = "Vampire [Lv. 975]"
			QuestName = "ZombieQuest"
			LevelQuest = 2
			NameMon = "Vampire"
			CFrameQuest = CFrame.new(-5492.79395, 48.5151672, -793.710571, 0.321800292, -6.24695815e-08, 0.946807742, 4.05616092e-08, 1, 5.21931227e-08, -0.946807742, 2.16082796e-08, 0.321800292)
			CFrameMon = CFrame.new(-5962.5810546875, 6.402710914611816, -1283.3720703125)
		elseif Level == 1000 or Level <= 1049 then 
			Name = "Snow Trooper [Lv. 1000]"
			QuestName = "SnowMountainQuest"
			LevelQuest = 1
			NameMon = "Snow Trooper"
			CFrameQuest = CFrame.new(604.964966, 401.457062, -5371.69287, 0.353063971, 1.89520435e-08, -0.935599446, -5.81846002e-08, 1, -1.70033754e-09, 0.935599446, 5.50377841e-08, 0.353063971)
			CFrameMon = CFrame.new(518.447998046875, 401.4220275878906, -5348.09765625)
		elseif Level == 1050 or Level <= 1099 then 
			Name = "Winter Warrior [Lv. 1050]"
			QuestName = "SnowMountainQuest"
			LevelQuest = 2
			NameMon = "Winter Warrior"
			CFrameQuest = CFrame.new(604.964966, 401.457062, -5371.69287, 0.353063971, 1.89520435e-08, -0.935599446, -5.81846002e-08, 1, -1.70033754e-09, 0.935599446, 5.50377841e-08, 0.353063971)
			CFrameMon = CFrame.new(1302.9853515625, 429.4219665527344, -5284.79931640625)
		elseif Level == 1100 or Level <= 1124 then 
			Name = "Lab Subordinate [Lv. 1100]"
			QuestName = "IceSideQuest"
			LevelQuest = 1
			NameMon = "Lab Subordinate"
			CFrameQuest = CFrame.new(-6060.10693, 15.9868021, -4904.7876, -0.411000341, -5.06538868e-07, 0.91163528, 1.26306062e-07, 1, 6.12581289e-07, -0.91163528, 3.66916197e-07, -0.411000341)
			CFrameMon = CFrame.new(-5826.08984375, 15.951773643493652, -4418.52099609375)
		elseif Level == 1125 or Level <= 1174 then 
			Name = "Horned Warrior [Lv. 1125]"
			QuestName = "IceSideQuest"
			LevelQuest = 2
			NameMon = "Horned Warrior"
			CFrameQuest = CFrame.new(-6060.10693, 15.9868021, -4904.7876, -0.411000341, -5.06538868e-07, 0.91163528, 1.26306062e-07, 1, 6.12581289e-07, -0.91163528, 3.66916197e-07, -0.411000341)
			CFrameMon = CFrame.new(-6287.04296875, 17.54484748840332, -5854.72802734375)
		elseif Level == 1175 or Level <= 1199 then 
			Name = "Magma Ninja [Lv. 1175]"
			QuestName = "FireSideQuest"
			LevelQuest = 1
			NameMon = "Magma Ninja"
			CFrameQuest = CFrame.new(-5431.09473, 15.9868021, -5296.53223, 0.831796765, 1.15322464e-07, -0.555080295, -1.10814341e-07, 1, 4.17010995e-08, 0.555080295, 2.68240168e-08, 0.831796765)
			CFrameMon = CFrame.new(-5698.142578125, 15.951773643493652, -5786.8271484375)
		elseif Level == 1200 or Level <= 1249 then 
			Name = "Lava Pirate [Lv. 1200]"
			QuestName = "FireSideQuest"
			LevelQuest = 2
			NameMon = "Lava Pirate"
			CFrameQuest = CFrame.new(-5431.09473, 15.9868021, -5296.53223, 0.831796765, 1.15322464e-07, -0.555080295, -1.10814341e-07, 1, 4.17010995e-08, 0.555080295, 2.68240168e-08, 0.831796765)
			CFrameMon = CFrame.new(-5346.04638671875, 15.951773643493652, -4740.6533203125)
		elseif Level == 1250 or Level <= 1274 then 
			Name = "Ship Deckhand [Lv. 1250]"
			QuestName = "ShipQuest1"
			LevelQuest = 1
			NameMon = "Ship Deckhand"
			CFrameQuest = CFrame.new(1037.80127, 125.092171, 32911.6016, -0.244533166, -0, -0.969640911, -0, 1.00000012, -0, 0.96964103, 0, -0.244533136)
			CFrameMon = CFrame.new(1182.887939453125, 125.7291488647461, 32988.875)
			if AutofarmLevel and (CFrameMon.Position - game.Players.LocalPlayer.Character.HumanoidRootPart.Position).Magnitude > 20000 then
				game:GetService("ReplicatedStorage").Remotes.CommF_:InvokeServer("requestEntrance",Vector3.new(923.21252441406, 126.9760055542, 32852.83203125))
			end
		elseif Level == 1275 or Level <= 1299 then 
			Name = "Ship Engineer [Lv. 1275]"
			QuestName = "ShipQuest1"
			LevelQuest = 2
			NameMon = "Ship Engineer"
			CFrameQuest = CFrame.new(1037.80127, 125.092171, 32911.6016, -0.244533166, -0, -0.969640911, -0, 1.00000012, -0, 0.96964103, 0, -0.244533136)
			CFrameMon = CFrame.new(954.09716796875, 40.05690383911133, 32709.890625)
			if AutofarmLevel and (CFrameMon.Position - game.Players.LocalPlayer.Character.HumanoidRootPart.Position).Magnitude > 20000 then
				game:GetService("ReplicatedStorage").Remotes.CommF_:InvokeServer("requestEntrance",Vector3.new(923.21252441406, 126.9760055542, 32852.83203125))
			end
		elseif Level == 1300 or Level <= 1324 then 
			Name = "Ship Steward [Lv. 1300]"
			QuestName = "ShipQuest2"
			LevelQuest = 1
			NameMon = "Ship Steward"
			CFrameQuest = CFrame.new(968.80957, 125.092171, 33244.125, -0.869560242, 1.51905191e-08, -0.493826836, 1.44108379e-08, 1, 5.38534195e-09, 0.493826836, -2.43357912e-09, -0.869560242)
			CFrameMon = CFrame.new(969.2874145507812, 125.18672943115234, 33448.76171875)
			if AutofarmLevel and (CFrameMon.Position - game.Players.LocalPlayer.Character.HumanoidRootPart.Position).Magnitude > 20000 then
				game:GetService("ReplicatedStorage").Remotes.CommF_:InvokeServer("requestEntrance",Vector3.new(923.21252441406, 126.9760055542, 32852.83203125))
			end
		elseif Level == 1325 or Level <= 1349 then 
			Name = "Ship Officer [Lv. 1325]"
			QuestName = "ShipQuest2"
			LevelQuest = 2
			NameMon = "Ship Officer"
			CFrameQuest = CFrame.new(968.80957, 125.092171, 33244.125, -0.869560242, 1.51905191e-08, -0.493826836, 1.44108379e-08, 1, 5.38534195e-09, 0.493826836, -2.43357912e-09, -0.869560242)
			CFrameMon = CFrame.new(1243.881103515625, 181.05767822265625, 33426.046875)
			if AutofarmLevel and (CFrameMon.Position - game.Players.LocalPlayer.Character.HumanoidRootPart.Position).Magnitude > 20000 then
				game:GetService("ReplicatedStorage").Remotes.CommF_:InvokeServer("requestEntrance",Vector3.new(923.21252441406, 126.9760055542, 32852.83203125))
			end
		elseif Level == 1350 or Level <= 1374 then 
			Name = "Arctic Warrior [Lv. 1350]"
			QuestName = "FrostQuest"
			LevelQuest = 1
			NameMon = "Arctic Warrior"
			CFrameQuest = CFrame.new(5669.43506, 28.2117786, -6482.60107, 0.888092756, 1.02705066e-07, 0.459664226, -6.20391774e-08, 1, -1.03572376e-07, -0.459664226, 6.34646895e-08, 0.888092756)
			CFrameMon = CFrame.new(6038.34765625, 28.366756439208984, -6259.73046875)
			if AutofarmLevel and (CFrameMon.Position - game.Players.LocalPlayer.Character.HumanoidRootPart.Position).Magnitude > 20000 then
				game:GetService("ReplicatedStorage").Remotes.CommF_:InvokeServer("requestEntrance",Vector3.new(-6508.5581054688, 89.034996032715, -132.83953857422))
			end
		elseif Level == 1375 or Level <= 1424 then 
			Name = "Snow Lurker [Lv. 1375]"
			QuestName = "FrostQuest"
			LevelQuest = 2
			NameMon = "Snow Lurker"
			CFrameQuest = CFrame.new(5669.43506, 28.2117786, -6482.60107, 0.888092756, 1.02705066e-07, 0.459664226, -6.20391774e-08, 1, -1.03572376e-07, -0.459664226, 6.34646895e-08, 0.888092756)
			CFrameMon = CFrame.new(5595.2841796875, 28.614917755126953, -6749.4296875)
		elseif Level == 1425 or Level <= 1449 then 
			Name = "Sea Soldier [Lv. 1425]"
			QuestName = "ForgottenQuest"
			LevelQuest = 1
			NameMon = "Sea Soldier"
			CFrameQuest = CFrame.new(-3052.99097, 236.881363, -10148.1943, -0.997911751, 4.42321983e-08, 0.064591676, 4.90968759e-08, 1, 7.37270085e-08, -0.064591676, 7.67442998e-08, -0.997911751)
			CFrameMon = CFrame.new(-3355.1494140625, 26.95261001586914, -9768.0185546875)
		elseif Level >= 1450 then 
			Name = "Water Fighter [Lv. 1450]"
			QuestName = "ForgottenQuest"
			LevelQuest = 2
			NameMon = "Water Fighter"
			CFrameQuest = CFrame.new(-3052.99097, 236.881363, -10148.1943, -0.997911751, 4.42321983e-08, 0.064591676, 4.90968759e-08, 1, 7.37270085e-08, -0.064591676, 7.67442998e-08, -0.997911751)
			CFrameMon = CFrame.new(-3431.481201171875, 238.84617614746094, -10512.75)
		end
	elseif ThirdWorld then
		if Level >= 1500 and Level <= 1524 then
			Name = "Pirate Millionaire [Lv. 1500]"
			QuestName = "PiratePortQuest"
			LevelQuest = 1
			NameMon = "Pirate Millionaire"
			CFrameQuest = CFrame.new(-290.074677, 42.9034653, 5581.58984)
			CFrameMon = CFrame.new(-32.53920364379883, 43.855770111083984, 5617.40478515625)
		elseif Level >= 1525 and Level <= 1574 then
			Name = "Pistol Billionaire [Lv. 1525]"
			QuestName = "PiratePortQuest"
			LevelQuest = 2
			NameMon = "Pistol Billionaire"
			CFrameQuest = CFrame.new(-290.074677, 42.9034653, 5581.58984)
			CFrameMon = CFrame.new(-209.0025634765625, 73.83525848388672, 5973.78466796875)
		elseif Level >= 1575 and Level <= 1599 then
			Name = "Dragon Crew Warrior [Lv. 1575]"
			QuestName = "AmazonQuest"
			LevelQuest = 1
			NameMon = "Dragon Crew Warrior"
			CFrameQuest = CFrame.new(5832.83594, 51.6806107, -1101.51563)
			CFrameMon = CFrame.new(4286.03466796875, 51.47886657714844, -1338.9012451171875)
		elseif Level >= 1600 and Level <= 1624 then
			Name = "Dragon Crew Archer [Lv. 1600]"
			QuestName = "AmazonQuest"
			LevelQuest = 2
			NameMon = "Dragon Crew Archer"
			CFrameQuest = CFrame.new(5832.83594, 51.6806107, -1101.51563)
			CFrameMon = CFrame.new(6673.52490234375, 378.4156188964844, 338.1069030761719)
		elseif Level >= 1625 and Level <= 1699 then
			Name = "Female Islander [Lv. 1625]"
			QuestName = "AmazonQuest2"
			LevelQuest = 1
			NameMon = "Female Islander"
			CFrameQuest = CFrame.new(5448.86133, 601.516174, 751.130676)
			CFrameMon = CFrame.new(4769.5, 730.3597412109375, 926.3622436523438)
		elseif Level >= 1700 and Level <= 1724 then
			Name = "Marine Commodore [Lv. 1700]"
			QuestName = "MarineTreeIsland"
			LevelQuest = 1
			NameMon = "Marine Commodore"
			CFrameQuest = CFrame.new(2180.54126, 27.8156815, -6741.5498)
